0: [0]
1: [0]
2: [0]
3: [0, 3]
4: [0, 3]
5: [0, 3]
6: [3]
7: []
8: []
9: []
10: []
11: []
12: []
13: []
14: [14]
15: [14, 15]
16: [14, 15]
17: [14, 15]
18: [14, 15]
19: [14, 15]
20: [14, 15]
21: [14, 15, 21]
22: [14, 15, 21]
23: [14, 15, 21]
24: [15, 21]
25: [21]
26: []
27: [27]
28: [27]
29: []
30: []
31: []
32: []
33: []
34: []
35: []
36: []
37: [37]
38: [37]
39: []
40: []
41: []
42: []
43: []
44: []
45: []
46: []
47: []
48: []
49: []
50: []
51: []
52: []
53: []
54: []
55: []
56: []
57: []
58: [58]
59: [58]
60: [58, 60]
61: [58, 60, 61]
62: [58, 60, 61]
63: [58, 60, 61]
64: [58, 60, 61, 64]
65: [58, 60, 61, 64]
66: [58, 60, 61, 64, 66]
67: [58, 60, 61, 64, 66, 67]
68: [58, 60, 61, 64, 66, 67, 68]
69: [58, 60, 61, 64, 66, 67, 68, 69]
70: [58, 60, 61, 64, 66, 67, 68, 69]
71: [58, 60, 61, 64, 66, 67, 68, 69]
72: [58, 60, 61, 64, 66, 67, 68, 69, 72]
73: [58, 60, 61, 64, 66, 67, 68, 69, 72]
74: [58, 60, 61, 64, 66, 67, 68, 69, 72, 74]
75: [58, 60, 61, 64, 66, 67, 68, 69, 72, 74]
76: [58, 60, 61, 64, 66, 67, 68, 69, 72, 74]
77: [58, 60, 61, 64, 66, 67, 68, 69, 72, 74]
78: [58, 60, 61, 64, 66, 67, 68, 69, 72, 74]
79: [58, 60, 61, 64, 66, 67, 68, 69, 72, 74, 79]
80: [58, 60, 61, 64, 66, 67, 68, 69, 72, 74, 79]
81: [58, 60, 61, 64, 66, 67, 68, 69, 72, 74, 79, 81]
82: [58, 60, 61, 64, 66, 67, 68, 69, 72, 74, 79, 81]
83: [58, 60, 61, 64, 66, 67, 68, 69, 72, 74, 79, 81]
84: [58, 60, 61, 64, 66, 67, 68, 69, 72, 74, 79, 81]
85: [58, 60, 61, 64, 66, 67, 68, 69, 72, 74, 79, 81]
86: [58, 60, 61, 64, 66, 67, 68, 69, 72, 74, 79, 81]
87: [60, 61, 64, 66, 67, 68, 69, 72, 74, 79, 81]
88: [61, 64, 66, 67, 68, 69, 72, 74, 79, 81]
89: [64, 66, 67, 68, 69, 72, 74, 79, 81]
90: [64, 66, 67, 68, 69, 72, 74, 79, 81, 90]
91: [64, 66, 67, 68, 69, 72, 74, 79, 81, 90]
92: [64, 66, 67, 68, 69, 72, 74, 79, 81, 90]
93: [66, 67, 68, 69, 72, 74, 79, 81, 90]
94: [67, 68, 69, 72, 74, 79, 81, 90]
95: [67, 68, 69, 72, 74, 79, 81, 90, 95]
96: [67, 68, 69, 72, 74, 79, 81, 90, 95, 96]
97: [67, 68, 69, 72, 74, 79, 81, 90, 95, 96]
98: [67, 68, 69, 72, 74, 79, 81, 90, 95, 96]
99: [67, 68, 69, 72, 74, 79, 81, 90, 95, 96]
100: [67, 68, 69, 72, 74, 79, 81, 90, 95, 96]
101: [67, 68, 69, 72, 74, 79, 81, 90, 95, 96]
102: [68, 69, 72, 74, 79, 81, 90, 95, 96]
103: [69, 72, 74, 79, 81, 90, 95, 96]
104: [72, 74, 79, 81, 90, 95, 96]
105: [74, 79, 81, 90, 95, 96]
106: [79, 81, 90, 95, 96]
107: [79, 81, 90, 95, 96, 107]
108: [79, 81, 90, 95, 96, 107]
109: [79, 81, 90, 95, 96, 107, 109]
110: [79, 81, 90, 95, 96, 107, 109]
111: [79, 81, 90, 95, 96, 107, 109]
112: [79, 81, 90, 95, 96, 107, 109]
113: [79, 81, 90, 95, 96, 107, 109, 113]
114: [79, 81, 90, 95, 96, 107, 109, 113]
115: [79, 81, 90, 95, 96, 107, 109, 113]
116: [79, 81, 90, 95, 96, 107, 109, 113, 116]
117: [79, 81, 90, 95, 96, 107, 109, 113, 116]
118: [79, 81, 90, 95, 96, 107, 109, 113, 116]
119: [79, 81, 90, 95, 96, 107, 109, 113, 116]
120: [79, 81, 90, 95, 96, 107, 109, 113, 116, 120]
121: [79, 81, 90, 95, 96, 107, 109, 113, 116, 120, 121]
122: [79, 81, 90, 95, 96, 107, 109, 113, 116, 120, 121, 122]
123: [79, 81, 90, 95, 96, 107, 109, 113, 116, 120, 121, 122]
124: [79, 81, 90, 95, 96, 107, 109, 113, 116, 120, 121, 122]
125: [79, 81, 90, 95, 96, 107, 109, 113, 116, 120, 121, 122]
126: [79, 81, 90, 95, 96, 107, 109, 113, 116, 120, 121, 122]
127: [79, 81, 90, 95, 96, 107, 109, 113, 116, 120, 121, 122]
128: [79, 81, 90, 95, 96, 107, 109, 113, 116, 120, 121, 122]
129: [79, 81, 90, 95, 96, 107, 109, 113, 116, 120, 121, 122, 129]
130: [79, 81, 90, 95, 96, 107, 109, 113, 116, 120, 121, 122, 129]
131: [79, 81, 90, 95, 96, 107, 109, 113, 116, 120, 121, 122, 129, 131]
132: [79, 81, 90, 95, 96, 107, 109, 113, 116, 120, 121, 122, 129, 131]
133: [79, 81, 90, 95, 96, 107, 109, 113, 116, 120, 121, 122, 129, 131, 133]
134: [79, 81, 90, 95, 96, 107, 109, 113, 116, 120, 121, 122, 129, 131, 133]
135: [79, 81, 90, 95, 96, 107, 109, 113, 116, 120, 121, 122, 129, 131, 133, 135]
136: [79, 81, 90, 95, 96, 107, 109, 113, 116, 120, 121, 122, 129, 131, 133, 135]
137: [79, 81, 90, 95, 96, 107, 109, 113, 116, 120, 121, 122, 129, 131, 133, 135]
138: [79, 81, 90, 95, 96, 107, 109, 113, 116, 120, 121, 122, 129, 131, 133, 135]
139: [79, 81, 90, 95, 96, 107, 109, 113, 116, 120, 121, 122, 129, 131, 133, 135, 139]
140: [79, 81, 90, 95, 96, 107, 109, 113, 116, 120, 121, 122, 129, 131, 133, 135, 139, 140]
141: [79, 81, 90, 95, 96, 107, 109, 113, 116, 120, 121, 122, 129, 131, 133, 135, 139, 140]
142: [79, 81, 90, 95, 96, 107, 109, 113, 116, 120, 121, 122, 129, 131, 133, 135, 139, 140]
143: [79, 81, 90, 95, 96, 107, 109, 113, 116, 120, 121, 122, 129, 131, 133, 135, 139, 140]
144: [79, 81, 90, 95, 96, 107, 109, 113, 116, 120, 121, 122, 129, 131, 133, 135, 139, 140]
145: [79, 81, 90, 95, 96, 107, 109, 113, 116, 120, 121, 122, 129, 131, 133, 135, 139, 140]
146: [81, 90, 95, 96, 107, 109, 113, 116, 120, 121, 122, 129, 131, 133, 135, 139, 140]
147: [81, 90, 95, 96, 107, 109, 113, 116, 120, 121, 122, 129, 131, 133, 135, 139, 140, 147]
148: [81, 90, 95, 96, 107, 109, 113, 116, 120, 121, 122, 129, 131, 133, 135, 139, 140, 147]
149: [81, 90, 95, 96, 107, 109, 113, 116, 120, 121, 122, 129, 131, 133, 135, 139, 140, 147]
150: [81, 90, 95, 96, 107, 109, 113, 116, 120, 121, 122, 129, 131, 133, 135, 139, 140, 147]
151: [81, 90, 95, 96, 107, 109, 113, 116, 120, 121, 122, 129, 131, 133, 135, 139, 140, 147, 151]
152: [81, 90, 95, 96, 107, 109, 113, 116, 120, 121, 122, 129, 131, 133, 135, 139, 140, 147, 151]
153: [81, 90, 95, 96, 107, 109, 113, 116, 120, 121, 122, 129, 131, 133, 135, 139, 140, 147, 151]
154: [81, 90, 95, 96, 107, 109, 113, 116, 120, 121, 122, 129, 131, 133, 135, 139, 140, 147, 151]
155: [90, 95, 96, 107, 109, 113, 116, 120, 121, 122, 129, 131, 133, 135, 139, 140, 147, 151]
156: [95, 96, 107, 109, 113, 116, 120, 121, 122, 129, 131, 133, 135, 139, 140, 147, 151]
157: [96, 107, 109, 113, 116, 120, 121, 122, 129, 131, 133, 135, 139, 140, 147, 151]
158: [107, 109, 113, 116, 120, 121, 122, 129, 131, 133, 135, 139, 140, 147, 151]
159: [109, 113, 116, 120, 121, 122, 129, 131, 133, 135, 139, 140, 147, 151]
160: [113, 116, 120, 121, 122, 129, 131, 133, 135, 139, 140, 147, 151]
161: [116, 120, 121, 122, 129, 131, 133, 135, 139, 140, 147, 151]
162: [120, 121, 122, 129, 131, 133, 135, 139, 140, 147, 151]
163: [121, 122, 129, 131, 133, 135, 139, 140, 147, 151]
164: [122, 129, 131, 133, 135, 139, 140, 147, 151]
165: [129, 131, 133, 135, 139, 140, 147, 151]
166: [131, 133, 135, 139, 140, 147, 151]
167: [133, 135, 139, 140, 147, 151]
168: [135, 139, 140, 147, 151]
169: [139, 140, 147, 151]
170: [140, 147, 151]
171: [147, 151]
172: [151]
173: []
174: [174]
175: [174]
176: [174]
177: [174]
178: [174, 178]
179: [174, 178]
180: [174, 178]
181: [174, 178]
182: [174, 178]
183: [174, 178]
184: [174, 178, 184]
185: [174, 178, 184, 185]
186: [174, 178, 184, 185]
187: [174, 178, 184, 185]
188: [174, 178, 184, 185]
189: [174, 178, 184, 185]
190: [178, 184, 185]
191: [184, 185]
192: [184, 185, 192]
193: [184, 185, 192]
194: [184, 185, 192]
195: [184, 185, 192]
196: [184, 185, 192, 196]
197: [184, 185, 192, 196]
198: [184, 185, 192, 196]
199: [184, 185, 192, 196]
200: [184, 185, 192, 196]
201: [184, 185, 192, 196]
202: [185, 192, 196]
203: [192, 196]
204: [196]
205: []
206: []
207: [207]
208: [207]
209: [207]
210: [207]
211: [207]
212: [207]
213: [207]
214: [207, 214]
215: [207, 214]
216: [207, 214, 216]
217: [207, 214, 216]
218: [214, 216]
219: [216]
220: []
221: [221]
222: [221]
223: [221]
224: [221]
225: []
226: []
227: []
228: []
229: []
230: []
231: [231]
232: [231, 232]
233: [231, 232]
234: [232]
235: [232, 235]
236: [232, 235]
237: [232, 235]
238: [232, 235]
239: [235]
240: [235, 240]
241: [235, 240]
242: [240]
243: []
244: []
245: []
246: []
247: []
248: []
249: []
250: []
251: [251]
252: [251]
253: [251]
254: [251]
255: [251]
256: [251]
257: []
258: []
259: []
260: []
261: []
262: []
263: []
264: []
265: [265]
266: [265, 266]
267: [265, 266]
268: [265, 266]
269: [266]
270: []
271: [271]
272: [271]
273: [271]
274: [271]
275: [271]
276: [271]
277: [271, 277]
278: [271, 277]
279: [271, 277]
280: [271, 277, 280]
281: [271, 277, 280]
282: [271, 277, 280]
283: [271, 277, 280, 283]
284: [271, 277, 280, 283, 284]
285: [271, 277, 280, 283, 284]
286: [271, 277, 280, 283, 284]
287: [271, 277, 280, 283, 284]
288: [271, 277, 280, 283, 284]
289: [271, 277, 280, 283, 284]
290: [277, 280, 283, 284]
291: [280, 283, 284]
292: [280, 283, 284, 292]
293: [280, 283, 284, 292]
294: [280, 283, 284, 292, 294]
295: [280, 283, 284, 292, 294, 295]
296: [280, 283, 284, 292, 294, 295]
297: [280, 283, 284, 292, 294, 295]
298: [280, 283, 284, 292, 294, 295]
299: [280, 283, 284, 292, 294, 295]
300: [283, 284, 292, 294, 295]
301: [284, 292, 294, 295]
302: [292, 294, 295]
303: [292, 294, 295, 303]
304: [292, 294, 295, 303]
305: [292, 294, 295, 303]
306: [292, 294, 295, 303]
307: [294, 295, 303]
308: [294, 295, 303, 308]
309: [294, 295, 303, 308]
310: [294, 295, 303, 308]
311: [294, 295, 303, 308, 311]
312: [294, 295, 303, 308, 311]
313: [294, 295, 303, 308, 311, 313]
314: [294, 295, 303, 308, 311, 313]
315: [294, 295, 303, 308, 311, 313, 315]
316: [294, 295, 303, 308, 311, 313, 315]
317: [294, 295, 303, 308, 311, 313, 315]
318: [294, 295, 303, 308, 311, 313, 315]
319: [294, 295, 303, 308, 311, 313, 315]
320: [294, 295, 303, 308, 311, 313, 315]
321: [294, 295, 303, 308, 311, 313, 315, 321]
322: [294, 295, 303, 308, 311, 313, 315, 321]
323: [294, 295, 303, 308, 311, 313, 315, 321, 323]
324: [294, 295, 303, 308, 311, 313, 315, 321, 323]
325: [294, 295, 303, 308, 311, 313, 315, 321, 323]
326: [294, 295, 303, 308, 311, 313, 315, 321, 323, 326]
327: [294, 295, 303, 308, 311, 313, 315, 321, 323, 326]
328: [294, 295, 303, 308, 311, 313, 315, 321, 323, 326]
329: [294, 295, 303, 308, 311, 313, 315, 321, 323, 326]
330: [294, 295, 303, 308, 311, 313, 315, 321, 323, 326, 330]
331: [294, 295, 303, 308, 311, 313, 315, 321, 323, 326, 330]
332: [294, 295, 303, 308, 311, 313, 315, 321, 323, 326, 330]
333: [294, 295, 303, 308, 311, 313, 315, 321, 323, 326, 330]
334: [294, 295, 303, 308, 311, 313, 315, 321, 323, 326, 330]
335: [294, 295, 303, 308, 311, 313, 315, 321, 323, 326, 330]
336: [294, 295, 303, 308, 311, 313, 315, 321, 323, 326, 330]
337: [295, 303, 308, 311, 313, 315, 321, 323, 326, 330]
338: [303, 308, 311, 313, 315, 321, 323, 326, 330]
339: [308, 311, 313, 315, 321, 323, 326, 330]
340: [308, 311, 313, 315, 321, 323, 326, 330, 340]
341: [308, 311, 313, 315, 321, 323, 326, 330, 340]
342: [308, 311, 313, 315, 321, 323, 326, 330, 340, 342]
343: [308, 311, 313, 315, 321, 323, 326, 330, 340, 342]
344: [308, 311, 313, 315, 321, 323, 326, 330, 340, 342]
345: [311, 313, 315, 321, 323, 326, 330, 340, 342]
346: [313, 315, 321, 323, 326, 330, 340, 342]
347: [315, 321, 323, 326, 330, 340, 342]
348: [315, 321, 323, 326, 330, 340, 342, 348]
349: [315, 321, 323, 326, 330, 340, 342, 348]
350: [321, 323, 326, 330, 340, 342, 348]
351: [321, 323, 326, 330, 340, 342, 348, 351]
352: [321, 323, 326, 330, 340, 342, 348, 351]
353: [321, 323, 326, 330, 340, 342, 348, 351]
354: [321, 323, 326, 330, 340, 342, 348, 351, 354]
355: [321, 323, 326, 330, 340, 342, 348, 351, 354]
356: [321, 323, 326, 330, 340, 342, 348, 351, 354, 356]
357: [321, 323, 326, 330, 340, 342, 348, 351, 354, 356]
358: [321, 323, 326, 330, 340, 342, 348, 351, 354, 356]
359: [323, 326, 330, 340, 342, 348, 351, 354, 356]
360: [326, 330, 340, 342, 348, 351, 354, 356]
361: [326, 330, 340, 342, 348, 351, 354, 356, 361]
362: [326, 330, 340, 342, 348, 351, 354, 356, 361]
363: [326, 330, 340, 342, 348, 351, 354, 356, 361]
364: [326, 330, 340, 342, 348, 351, 354, 356, 361]
365: [326, 330, 340, 342, 348, 351, 354, 356, 361]
366: [330, 340, 342, 348, 351, 354, 356, 361]
367: [340, 342, 348, 351, 354, 356, 361]
368: [340, 342, 348, 351, 354, 356, 361, 368]
369: [340, 342, 348, 351, 354, 356, 361, 368]
370: [340, 342, 348, 351, 354, 356, 361, 368]
371: [340, 342, 348, 351, 354, 356, 361, 368]
372: [342, 348, 351, 354, 356, 361, 368]
373: [348, 351, 354, 356, 361, 368]
374: [351, 354, 356, 361, 368]
375: [351, 354, 356, 361, 368, 375]
376: [351, 354, 356, 361, 368, 375]
377: [351, 354, 356, 361, 368, 375]
378: [351, 354, 356, 361, 368, 375]
379: [351, 354, 356, 361, 368, 375, 379]
380: [351, 354, 356, 361, 368, 375, 379]
381: [351, 354, 356, 361, 368, 375, 379]
382: [351, 354, 356, 361, 368, 375, 379]
383: [351, 354, 356, 361, 368, 375, 379]
384: [351, 354, 356, 361, 368, 375, 379, 384]
385: [351, 354, 356, 361, 368, 375, 379, 384]
386: [351, 354, 356, 361, 368, 375, 379, 384]
387: [354, 356, 361, 368, 375, 379, 384]
388: [354, 356, 361, 368, 375, 379, 384, 388]
389: [354, 356, 361, 368, 375, 379, 384, 388]
390: [354, 356, 361, 368, 375, 379, 384, 388, 390]
391: [354, 356, 361, 368, 375, 379, 384, 388, 390]
392: [356, 361, 368, 375, 379, 384, 388, 390]
393: [361, 368, 375, 379, 384, 388, 390]
394: [368, 375, 379, 384, 388, 390]
395: [368, 375, 379, 384, 388, 390, 395]
396: [368, 375, 379, 384, 388, 390, 395]
397: [368, 375, 379, 384, 388, 390, 395]
398: [368, 375, 379, 384, 388, 390, 395]
399: [368, 375, 379, 384, 388, 390, 395]
400: [375, 379, 384, 388, 390, 395]
401: [379, 384, 388, 390, 395]
402: [384, 388, 390, 395]
403: [388, 390, 395]
404: [390, 395]
405: [395]
406: []
407: []
408: []
409: []
410: []
411: [411]
412: [411]
413: [411]
414: [411]
415: [411]
416: [411]
417: [411]
418: []
419: []
420: [420]
421: [420]
422: [420]
423: [420]
424: [420]
425: [420]
426: []
427: []
428: []
429: []
430: []
431: [431]
432: [431]
433: [431]
434: [431, 434]
435: [431, 434]
436: [431, 434]
437: [431, 434]
438: [431, 434, 438]
439: [431, 434, 438]
440: [431, 434, 438, 440]
441: [431, 434, 438, 440]
442: [431, 434, 438, 440]
443: [431, 434, 438, 440]
444: [431, 434, 438, 440, 444]
445: [431, 434, 438, 440, 444]
446: [431, 434, 438, 440, 444]
447: [434, 438, 440, 444]
448: [438, 440, 444]
449: [440, 444]
450: [444]
451: []
452: []
453: []
454: []
455: []
456: []
457: []
458: []
459: []
460: []
461: []
462: []
463: []
464: []
465: []
466: []
467: []
468: []
469: []
470: []
471: []
472: []
473: [473]
474: [473]
475: [473]
476: [473]
477: [473, 477]
478: [473, 477, 478]
479: [473, 477, 478]
480: [473, 477, 478]
481: [473, 477, 478]
482: [473, 477, 478]
483: [473, 477, 478]
484: [477, 478]
485: [477, 478, 485]
486: [477, 478, 485]
487: [478, 485]
488: [485]
489: []
490: []
491: [491]
492: [491, 492]
493: [491, 492]
494: [491, 492]
495: [491, 492]
496: [491, 492]
497: [492]
498: []
499: []
500: []
501: []
502: []
503: [503]
504: [503]
505: [503]
506: [503]
507: [503]
508: [503]
509: [503, 509]
510: [503, 509]
511: [503, 509, 511]
512: [503, 509, 511]
513: [503, 509, 511]
514: [503, 509, 511, 514]
515: [503, 509, 511, 514, 515]
516: [503, 509, 511, 514, 515]
517: [503, 509, 511, 514, 515]
518: [509, 511, 514, 515]
519: [511, 514, 515]
520: [514, 515]
521: [515]
522: []
523: []
524: []
525: []
526: []
527: []
528: []
529: []
530: []
531: []
532: []
533: []
534: [534]
535: [534]
536: []
537: []
538: []
539: [539]
540: [539]
541: [539]
542: [539]
543: [539, 543]
544: [539, 543]
545: [539, 543]
546: [539, 543]
547: [539, 543]
548: [539, 543, 548]
549: [539, 543, 548]
550: [539, 543, 548, 550]
551: [539, 543, 548, 550]
552: [543, 548, 550]
553: [543, 548, 550, 553]
554: [543, 548, 550, 553]
555: [543, 548, 550, 553]
556: [543, 548, 550, 553]
557: [543, 548, 550, 553]
558: [543, 548, 550, 553]
559: [543, 548, 550, 553, 559]
560: [543, 548, 550, 553, 559, 560]
561: [543, 548, 550, 553, 559, 560]
562: [543, 548, 550, 553, 559, 560]
563: [543, 548, 550, 553, 559, 560]
564: [543, 548, 550, 553, 559, 560]
565: [543, 548, 550, 553, 559, 560]
566: [543, 548, 550, 553, 559, 560, 566]
567: [543, 548, 550, 553, 559, 560, 566, 567]
568: [543, 548, 550, 553, 559, 560, 566, 567]
569: [543, 548, 550, 553, 559, 560, 566, 567, 569]
570: [543, 548, 550, 553, 559, 560, 566, 567, 569, 570]
571: [543, 548, 550, 553, 559, 560, 566, 567, 569, 570, 571]
572: [543, 548, 550, 553, 559, 560, 566, 567, 569, 570, 571]
573: [543, 548, 550, 553, 559, 560, 566, 567, 569, 570, 571]
574: [543, 548, 550, 553, 559, 560, 566, 567, 569, 570, 571]
575: [543, 548, 550, 553, 559, 560, 566, 567, 569, 570, 571]
576: [543, 548, 550, 553, 559, 560, 566, 567, 569, 570, 571]
577: [543, 548, 550, 553, 559, 560, 566, 567, 569, 570, 571]
578: [543, 548, 550, 553, 559, 560, 566, 567, 569, 570, 571, 578]
579: [543, 548, 550, 553, 559, 560, 566, 567, 569, 570, 571, 578]
580: [543, 548, 550, 553, 559, 560, 566, 567, 569, 570, 571, 578]
581: [543, 548, 550, 553, 559, 560, 566, 567, 569, 570, 571, 578]
582: [543, 548, 550, 553, 559, 560, 566, 567, 569, 570, 571, 578, 582]
583: [543, 548, 550, 553, 559, 560, 566, 567, 569, 570, 571, 578, 582]
584: [548, 550, 553, 559, 560, 566, 567, 569, 570, 571, 578, 582]
585: [550, 553, 559, 560, 566, 567, 569, 570, 571, 578, 582]
586: [553, 559, 560, 566, 567, 569, 570, 571, 578, 582]
587: [559, 560, 566, 567, 569, 570, 571, 578, 582]
588: [560, 566, 567, 569, 570, 571, 578, 582]
589: [566, 567, 569, 570, 571, 578, 582]
590: [567, 569, 570, 571, 578, 582]
591: [569, 570, 571, 578, 582]
592: [570, 571, 578, 582]
593: [571, 578, 582]
594: [578, 582]
595: [582]
596: [582, 596]
597: [582, 596]
598: [582, 596, 598]
599: [582, 596, 598]
600: [582, 596, 598, 600]
601: [582, 596, 598, 600, 601]
602: [582, 596, 598, 600, 601]
603: [582, 596, 598, 600, 601]
604: [596, 598, 600, 601]
605: [598, 600, 601]
606: [598, 600, 601, 606]
607: [598, 600, 601, 606, 607]
608: [598, 600, 601, 606, 607]
609: [598, 600, 601, 606, 607, 609]
610: [598, 600, 601, 606, 607, 609]
611: [598, 600, 601, 606, 607, 609]
612: [598, 600, 601, 606, 607, 609]
613: [598, 600, 601, 606, 607, 609, 613]
614: [598, 600, 601, 606, 607, 609, 613]
615: [598, 600, 601, 606, 607, 609, 613, 615]
616: [598, 600, 601, 606, 607, 609, 613, 615, 616]
617: [598, 600, 601, 606, 607, 609, 613, 615, 616]
618: [598, 600, 601, 606, 607, 609, 613, 615, 616]
619: [598, 600, 601, 606, 607, 609, 613, 615, 616, 619]
620: [598, 600, 601, 606, 607, 609, 613, 615, 616, 619, 620]
621: [598, 600, 601, 606, 607, 609, 613, 615, 616, 619, 620]
622: [598, 600, 601, 606, 607, 609, 613, 615, 616, 619, 620]
623: [598, 600, 601, 606, 607, 609, 613, 615, 616, 619, 620]
624: [600, 601, 606, 607, 609, 613, 615, 616, 619, 620]
625: [601, 606, 607, 609, 613, 615, 616, 619, 620]
626: [606, 607, 609, 613, 615, 616, 619, 620]
627: [607, 609, 613, 615, 616, 619, 620]
628: [609, 613, 615, 616, 619, 620]
629: [613, 615, 616, 619, 620]
630: [615, 616, 619, 620]
631: [616, 619, 620]
632: [616, 619, 620, 632]
633: [616, 619, 620, 632]
634: [616, 619, 620, 632]
635: [616, 619, 620, 632]
636: [616, 619, 620, 632]
637: [616, 619, 620, 632]
638: [616, 619, 620, 632, 638]
639: [616, 619, 620, 632, 638]
640: [616, 619, 620, 632, 638]
641: [616, 619, 620, 632, 638]
642: [616, 619, 620, 632, 638]
643: [616, 619, 620, 632, 638]
644: [616, 619, 620, 632, 638]
645: [616, 619, 620, 632, 638, 645]
646: [616, 619, 620, 632, 638, 645]
647: [616, 619, 620, 632, 638, 645, 647]
648: [616, 619, 620, 632, 638, 645, 647]
649: [616, 619, 620, 632, 638, 645, 647]
650: [616, 619, 620, 632, 638, 645, 647]
651: [616, 619, 620, 632, 638, 645, 647]
652: [619, 620, 632, 638, 645, 647]
653: [619, 620, 632, 638, 645, 647, 653]
654: [619, 620, 632, 638, 645, 647, 653]
655: [619, 620, 632, 638, 645, 647, 653]
656: [619, 620, 632, 638, 645, 647, 653]
657: [619, 620, 632, 638, 645, 647, 653]
658: [619, 620, 632, 638, 645, 647, 653]
659: [619, 620, 632, 638, 645, 647, 653]
660: [620, 632, 638, 645, 647, 653]
661: [632, 638, 645, 647, 653]
662: [638, 645, 647, 653]
663: [645, 647, 653]
664: [647, 653]
665: [653]
666: []
667: []
668: []
669: []
670: []
671: [671]
672: [671, 672]
673: [671, 672, 673]
674: [671, 672, 673, 674]
675: [671, 672, 673, 674]
676: [671, 672, 673, 674, 676]
677: [671, 672, 673, 674, 676]
678: [671, 672, 673, 674, 676]
679: [671, 672, 673, 674, 676]
680: [671, 672, 673, 674, 676]
681: [671, 672, 673, 674, 676]
682: [672, 673, 674, 676]
683: [673, 674, 676]
684: [674, 676]
685: [676]
686: []
687: [687]
688: [687, 688]
689: [687, 688]
690: [688]
691: []
692: [692]
693: [692]
694: [692]
695: [692]
696: [692]
697: []
698: [698]
699: [698]
700: [698]
701: [698]
702: []
703: []
704: []
705: []
706: []
707: []
708: [708]
709: [708, 709]
710: [708, 709]
711: [708, 709]
712: [708, 709]
713: [708, 709]
714: [709]
715: [709, 715]
716: [709, 715, 716]
717: [709, 715, 716, 717]
718: [709, 715, 716, 717]
719: [709, 715, 716, 717, 719]
720: [709, 715, 716, 717, 719]
721: [709, 715, 716, 717, 719]
722: [709, 715, 716, 717, 719]
723: [709, 715, 716, 717, 719]
724: [709, 715, 716, 717, 719]
725: [715, 716, 717, 719]
726: [716, 717, 719]
727: [717, 719]
728: [717, 719, 728]
729: [717, 719, 728]
730: [717, 719, 728]
731: [717, 719, 728]
732: [719, 728]
733: [719, 728, 733]
734: [719, 728, 733, 734]
735: [719, 728, 733, 734]
736: [719, 728, 733, 734]
737: [719, 728, 733, 734]
738: [728, 733, 734]
739: [733, 734]
740: [733, 734, 740]
741: [733, 734, 740]
742: [733, 734, 740]
743: [733, 734, 740]
744: [733, 734, 740]
745: [733, 734, 740, 745]
746: [733, 734, 740, 745]
747: [733, 734, 740, 745, 747]
748: [733, 734, 740, 745, 747]
749: [733, 734, 740, 745, 747]
750: [733, 734, 740, 745, 747]
751: [733, 734, 740, 745, 747]
752: [733, 734, 740, 745, 747]
753: [734, 740, 745, 747]
754: [740, 745, 747]
755: [745, 747]
756: [747]
757: []
758: []
759: []
760: []
761: []
762: []
763: []
764: [764]
765: [764, 765]
766: [764, 765]
767: [764, 765]
768: [764, 765]
769: [765]
770: []
771: []
772: []
773: [773]
774: [773, 774]
775: [773, 774]
776: [773, 774]
777: [773, 774]
778: [773, 774]
779: [773, 774]
780: [773, 774]
781: [774]
782: []
783: []
784: []
785: []
786: []
787: []
788: []
789: []
790: []
791: [791]
792: [791]
793: [791]
794: [791]
795: [791]
796: []
797: []
798: [798]
799: [798]
800: [798]
801: [798, 801]
802: [798, 801]
803: [798, 801]
804: [798, 801]
805: [801]
806: [801, 806]
807: [801, 806]
808: [801, 806]
809: [801, 806]
810: [801, 806]
811: [806]
812: []
813: []
814: []
815: []
816: [816]
817: [816]
818: [816]
819: [816]
820: [816]
821: [816]
822: []
823: []
824: []
825: []
826: []
827: []
828: [828]
829: [828, 829]
830: [828, 829, 830]
831: [828, 829, 830]
832: [828, 829, 830, 832]
833: [828, 829, 830, 832]
834: [828, 829, 830, 832]
835: [828, 829, 830, 832]
836: [828, 829, 830, 832]
837: [828, 829, 830, 832, 837]
838: [828, 829, 830, 832, 837]
839: [829, 830, 832, 837]
840: [830, 832, 837]
841: [832, 837]
842: [837]
843: []
844: [844]
845: [844]
846: []
847: [847]
848: [847]
849: [847]
850: [847]
851: []
852: []
853: []
854: [854]
855: [854]
856: [854]
857: [854]
858: [854]
859: [854]
860: [854, 860]
861: [854, 860, 861]
862: [854, 860, 861, 862]
863: [854, 860, 861, 862]
864: [854, 860, 861, 862]
865: [854, 860, 861, 862]
866: [854, 860, 861, 862]
867: [860, 861, 862]
868: [861, 862]
869: [862]
870: []
871: []
872: []
873: [873]
874: [873, 874]
875: [873, 874]
876: [873, 874]
877: [873, 874]
878: [873, 874]
879: [874]
880: [874, 880]
881: [874, 880]
882: [874, 880]
883: [880]
884: []
885: []
886: []
887: []
888: []
889: [889]
890: [889]
891: []
892: []
893: [893]
894: [893]
895: [893]
896: [893]
897: [893]
898: [893]
899: [893, 899]
900: [893, 899]
901: [899]
902: []
903: []
904: [904]
905: [904, 905]
906: [904, 905]
907: [904, 905]
908: [904, 905]
909: [904, 905, 909]
910: [904, 905, 909, 910]
911: [904, 905, 909, 910]
912: [904, 905, 909, 910, 912]
913: [904, 905, 909, 910, 912]
914: [904, 905, 909, 910, 912]
915: [904, 905, 909, 910, 912, 915]
916: [904, 905, 909, 910, 912, 915]
917: [904, 905, 909, 910, 912, 915]
918: [904, 905, 909, 910, 912, 915]
919: [905, 909, 910, 912, 915]
920: [909, 910, 912, 915]
921: [910, 912, 915]
922: [912, 915]
923: [915]
924: []
925: []
926: []
927: []
928: []
929: []
930: []
931: []
932: [932]
933: [932]
934: [932, 934]
935: [932, 934, 935]
936: [932, 934, 935, 936]
937: [932, 934, 935, 936]
938: [932, 934, 935, 936, 938]
939: [932, 934, 935, 936, 938]
940: [934, 935, 936, 938]
941: [934, 935, 936, 938, 941]
942: [934, 935, 936, 938, 941, 942]
943: [934, 935, 936, 938, 941, 942, 943]
944: [934, 935, 936, 938, 941, 942, 943]
945: [934, 935, 936, 938, 941, 942, 943]
946: [934, 935, 936, 938, 941, 942, 943]
947: [934, 935, 936, 938, 941, 942, 943]
948: [934, 935, 936, 938, 941, 942, 943]
949: [934, 935, 936, 938, 941, 942, 943]
950: [935, 936, 938, 941, 942, 943]
951: [936, 938, 941, 942, 943]
952: [938, 941, 942, 943]
953: [941, 942, 943]
954: [942, 943]
955: [943]
956: []
957: []
958: []
959: []
960: []
961: []
962: [962]
963: [962]
964: [962]
965: [962]
966: [962, 966]
967: [962, 966]
968: [962, 966]
969: [962, 966]
970: [962, 966]
971: [962, 966]
972: [962, 966]
973: [966]
974: []
975: [975]
976: [975]
977: [975]
978: []
979: []
980: [980]
981: [980]
982: [980]
983: [980]
984: [980]
985: [980, 985]
986: [980, 985]
987: [980, 985]
988: [980, 985]
989: [980, 985]
990: [980, 985]
991: [985]
992: [985, 992]
993: [985, 992, 993]
994: [985, 992, 993]
995: [985, 992, 993]
996: [985, 992, 993, 996]
997: [985, 992, 993, 996, 997]
998: [985, 992, 993, 996, 997]
999: [985, 992, 993, 996, 997, 999]
1000: [985, 992, 993, 996, 997, 999]
1001: [985, 992, 993, 996, 997, 999]
1002: [985, 992, 993, 996, 997, 999]
1003: [985, 992, 993, 996, 997, 999]
1004: [985, 992, 993, 996, 997, 999]
1005: [985, 992, 993, 996, 997, 999]
1006: [992, 993, 996, 997, 999]
1007: [993, 996, 997, 999]
1008: [996, 997, 999]
1009: [997, 999]
1010: [999]
1011: []
1012: []
1013: [1013]
1014: [1013]
1015: [1013, 1015]
1016: [1013, 1015]
1017: [1013, 1015, 1017]
1018: [1013, 1015, 1017]
1019: [1013, 1015, 1017]
1020: [1013, 1015, 1017]
1021: [1013, 1015, 1017]
1022: [1013, 1015, 1017, 1022]
1023: [1013, 1015, 1017, 1022]
1024: [1013, 1015, 1017, 1022]
1025: [1013, 1015, 1017, 1022, 1025]
1026: [1013, 1015, 1017, 1022, 1025, 1026]
1027: [1013, 1015, 1017, 1022, 1025, 1026, 1027]
1028: [1013, 1015, 1017, 1022, 1025, 1026, 1027]
1029: [1013, 1015, 1017, 1022, 1025, 1026, 1027]
1030: [1015, 1017, 1022, 1025, 1026, 1027]
1031: [1015, 1017, 1022, 1025, 1026, 1027, 1031]
1032: [1015, 1017, 1022, 1025, 1026, 1027, 1031, 1032]
1033: [1015, 1017, 1022, 1025, 1026, 1027, 1031, 1032]
1034: [1017, 1022, 1025, 1026, 1027, 1031, 1032]
1035: [1022, 1025, 1026, 1027, 1031, 1032]
1036: [1025, 1026, 1027, 1031, 1032]
1037: [1026, 1027, 1031, 1032]
1038: [1026, 1027, 1031, 1032, 1038]
1039: [1026, 1027, 1031, 1032, 1038]
1040: [1026, 1027, 1031, 1032, 1038]
1041: [1026, 1027, 1031, 1032, 1038, 1041]
1042: [1026, 1027, 1031, 1032, 1038, 1041]
1043: [1026, 1027, 1031, 1032, 1038, 1041, 1043]
1044: [1026, 1027, 1031, 1032, 1038, 1041, 1043]
1045: [1026, 1027, 1031, 1032, 1038, 1041, 1043]
1046: [1026, 1027, 1031, 1032, 1038, 1041, 1043]
1047: [1026, 1027, 1031, 1032, 1038, 1041, 1043]
1048: [1027, 1031, 1032, 1038, 1041, 1043]
1049: [1031, 1032, 1038, 1041, 1043]
1050: [1032, 1038, 1041, 1043]
1051: [1032, 1038, 1041, 1043, 1051]
1052: [1032, 1038, 1041, 1043, 1051]
1053: [1038, 1041, 1043, 1051]
1054: [1041, 1043, 1051]
1055: [1043, 1051]
1056: [1051]
1057: []
1058: []
1059: []
1060: [1060]
1061: [1060]
1062: [1060]
1063: [1060]
1064: [1060]
1065: [1060]
1066: [1060]
1067: []
1068: []
1069: []
1070: []
1071: []
1072: []
1073: []
1074: []
1075: [1075]
1076: [1075, 1076]
1077: [1075, 1076]
1078: [1075, 1076]
1079: [1076]
1080: []
